0: 0,1,2,3,4,5,6,7,8,9,10,11,12,13,14,17,18,20,21,22,23,25,26,27,29,30,31,33,34,35,37,38,40,41,43,46,47,49,52,53,54
1: 0,1,2,3,5,6,8,9,11,12,13,14,15
2: 0,1,2,3,4,5,6,7,8,9,12,13,14,15,16,17,18,19,20,21,23,24,25,27,28,29,30,31,32,33,34,36,37,39,40,41,43,44,45,48,49,51,53,55,57,62,65,66
3: 2,3,4,5,7,11,12,16,17,18,19,20,21,23,24,25,27,29,30,32,33,34,37,39,40,41,42,43,44
4: 0,1,2,3,4,5,6,9,10,11,12,13,14,15,17,18,20,21
5: 0,1,2,3,4,5,7,8,9,10,11,12,13,14,15,16,17,18,19,22,23,24,25,26,27,28,30,31,32,33,36,37,38,40,41,42,45,47,48,51,52,55,56,58,59,60,61,62,63,64,65,67,68,69,70,71
6: 0,1,2,3,4,6,8,9,10,12,13,15,16,18,19,20,21,22,23,24,25,26,27,28,29,30,32,34,35,36,37,38,39,40,41,42,43,44,45,46,47,48,49
7: 0,1,2,3,4,5,6,8
8: 0,1,2,3,4,5,6,7,8,9,10,11,12,14,15,17,18,19,20,21,22,23,24,25,26,27,28,29,30,33,34,37,38,39,40,41,42,43,44,46,47,49,50,52,53,55
9: 0,1,2,3,4,5,7,8,9,10,11,12,13,14,15,16,17,19,20,21,23,24,25,26,27,28,29,30,32,33,35
10: 0,1,2,6,7,8,10,11,12,13