0: 0,1,2,3,4,6,7,8,10,15,18,20,21,23,24,30,31,33,34,38,39,41,42,46
1: 0,1,2,3,4,5,6,7,9,11,13
2: 0,1,2,3,4,5,6,7,8,9,10,12,13,14,16,17,25,26,28,29,31,34,35,36,37,38,41,42,44,46,47,49,50,51,52,53,54,55,56,58,59,60,61,62,63,64,68
3: 0,1,4,5,6,7,8,9,17,18,19,21,22,27,28,32,33,38,39,40,41,42,49,54,69
4: 15,17,20,22,23,30,32,33,34,35,37,39
5: 0,1,2,3,4,5,7,9,11,13,14,16,17,20,22,23,24,25,26,28,29,30,32,33,40,41,42,43,44,45,48,49,51,52,53,54,55,69,70,72,74,78,79,81,82,83,87,88
6: 0,1,2,3,4,5,7,9,10,11,16,22,23,28,30,32,34,37,38,39,40,42,43,45,48,50,53,55,57
7: 2,3,4,5,6,7,8,9,11,27,31
8: 0,1,2,3,21,22,25,27,28,29,31,34,38,39,40,43,48,50,53,61,62,68,69,70,71,74
9: 0,1,2,3,4,5,9,10,11,13,23,24,26,27,28,30,31,32,33,34,35,36,37,40,42,44,45,46
10: 0,1,2,3,4,6,7,15