79: 0,1,2,5,6,7,8,9,12,15
80: 0,1,2,5,6,7,8,11,15,21,24,25,27,28,31,32,35,36,37,38,40,43,45,47,48,49,54,56,58
81: 0,1,2,3,4,6,9,10,11,12,13,16,18,19,23,26,30
82: 0,1,2,3,6,8,11,14,16,18,20
83: 2,4,5,6,7,8,10,11,14,17,22,24,29,30,33,34,35,38,42,44,45,49,50,53,55,57,58,61,64,66,67,70,71,72,74,75,79
84: 1,2,3,4,5,6,7,11,14,16,18,21,23,27,31,36,37,39,40,45,47,48,50,52,53,55,56
85: 1,3,4,5,6,7,9,10,13,16,18
86: 1,3,4,5,6,7,8,9,11,18,19,20,23,24,26,27,28,34,35,37,38,39,41,42,47,49,51,52,53,58,57,60,62,63,68,70,72,78,79,83
87: 1,3,4,6,7,9,12,16,17,18,19,22,24,26,28,34,37,38,41,46,54
88: 0,1,2,3,4,5,9,10,13,14
89: 0,1,2,3,4,6,8,9,11,15,17,25,28,33,35,37,38,43,55,61,62,63,64,68,69,75,79,82,83,88,91,92