0: 0,1,2,3,6,7,10,14,21,22,27,37,42,44,48,49,50,51,52,54,55,58,59,60,61,62
1: 0,1,2,3,7,8,10,11,12,17
2: 0,1,3,5,6,8,9,10,15,16,18,19,30,33,36,40,41,42,44,45,46,49,52,55,57,60,61,623,64,68,69,70,72,74,75,81,84,86,89,90,91,93,95,97,98,102,104,107,109,111,112,116
3: 1,3,5,6,8,14,15,23,32,36,38,40,42,45,49,51,52,53,56,58,61,65
4: 0,2,3,4,5,6,8,9,11,13,15,17,24
5: 1,2,3,4,5,6,8,9,11,15,28,29,30,33,35,37,43,45,46,47,50,51,54,59,65,67,68,69,71,72,74,76,77,78,82,85,86,87,90,91,93,94,95
6: 0,1,2,3,4,7,27,29,34,38,40,48,59,65
7: 0,3,5,7,8,11,12,14,18,19
8: 0,1,2,4,7,11,13,16,17,21,24,31,33,34,36,43,45,46,47,49,54,55,62,63,66,74,76,81,91,93,97,103,104,105,106,109,111
9: 0,1,2,3,4,6,8,9,11,17,20,22,26,27,30,33,35,39,42
10: 0,1,2,3,4,7,9,12,16