0: 0,2,3,4,8,9,11,14,16,20,33,38,42,43,46
1: 0,1,2,3,4,5,6,8,9,17
2: 0,2,3,4,5,6,7,8,10,19,23,28,31,33,34,38,41,43,45,46,53,61,64,69,71,72,78,80,85,86,87,100,102,106,111
3: 3,4,5,8,9,12,17,18,19,20,23,26,27,29,34,37,39,42,43,46,49
4: 1,3,5,7,8,9,13,14,18,22
5: 0,2,5,6,8,10,11,12,14,16,32,33,35,36,37,39,41,41,45,50,57,58,60,63,66,67,69,72,74,76,78,81,82,86,91
6: 0,1,2,3,5,6,11,12,15,16,17,18,19,20,21,22,24,28,29,30,33,34,35,37,38,40,43,45,50,51,53,60
7: 0,6,8,9,10,11,14,15,17
8: 0,2,3,4,5,6,9,10,12,14,17,18,19,22,23,24,26,28,29,30,31,32,36,38,39,40
9: 0,1,4,5,6,7,9,11,14,15,17,19,25,27,29,34,37,38,40
10: 0,1,2,3,4,6,10,13,16,18