79: 0,1,2,3,4
80: 0,1,2,3,4,6,8,9,10,11,12,16,17,19,20,21,22,24,25,26,28,30,31,32,33,34,36,38,39,41,42,43,44,47
81: 0,1,2,3,4,6,11,12,13,14,16,17,18,19,20,21,23,24,25
82: 0,1,2,3,4,5
83: 0,1,2,3,4,7,8,9,13,14,15,17,18,20,23,24,25,28,29,30,32,36,39
84: 0,1,2,3,4,6,8,10,12,13,14,15,16,18,19,20,21,23,24,25,27,28,29,31,32
85: 0,1,2,3,4,5,6
86: 1,2,3,4,5,6,7,8,9,10,11,12,14,16,17,18,20,23,24,25,26,27,28,29,30,31,32,33,34,35,36,37,38,39,40,41,42,43
87: 0,1,2,3,4,7,8,9,12,13,14,15,16,17,18,19,20,21,22,23,25,26,27,28
88: 0,1,2,3,6,9,11,13
89: 0,1,2,4,5,8,9,12,13,14,15,16,17,18,19,20,21,24,25,28,30,32,33,34,35,37,39,40,41,43,44,46,47,48,52,54