0: 0,1,2,3,4,5,7,8,9,12,15,16,17,20,26,30,34,37,40,41
1: 1,2,3,4,7,8,9,12,14
2: 5,6,7,8,9,10,11,12,16,17,33,60,62,63,64,65,69,71,74,76,78,81,82,83,86,94,95,99,100,101,102,103,104
3: 1,2,4,5,6,7,8,11,12,13,14,17,19,21,23,26,33
4: 0,1,3,6,7,9,13,14,15,18,19
5: 0,1,2,4,5,6,7,8,9,11,13,14,15,22,23,24,25,28,31,32,34,35,39,41,42,43,45,47,50
6: 0,2,3,4,5,6,9,10,11,12,13,14,15,16,17,19,20,21
7: 0,1,2,3,5,7,11,12
8: 0,1,2,3,4,5,6,7,8,11,14,15,16,17,19,21,22,26,29,34,35,38,39,42,45,46,48,49,51,52,53,55,62,63,64,65,66,68,69,70,71,73,74
9: 0,1,2,3,4,5,6,7,8,9,10,11,12,14,16,17,18,21,22,23,27,29,30,31,34,36,37,42,44
10: 0,1,3,4,5,7,8,11,15