79: 0,1,2,3,4,7
80: 0,1,2,3,5,7,8,9,11,13,14,15,16,17,18,20,21,22,23,24,25,26,27,28,30,32,33,34,35,36,37,38,39,40,41,42,44,45,46,47,48,49,50,51,52,53,54,55,56,57,58,59,60,61,62,66,68,69,70,71
81: 0,2,3,4,7,9,10,11,12,13,14,15,16,17,19,21,22
82: 0,1,2,3,4,5,6,7
83: 0,1,2,3,4,5,6,9,11,12,14,17,19,20,21,22,23,24,25,26,27,28,29,30,31,32,33,34,35,36,38,39,40,41,42,43,44,46,47,48,49,51,52,54,55,59,60,62,64,65,66
84: 0,1,2,3,4,6,7,10,11,12,13,14,16,17,18,19,20,21,22,23,24,25,26,27,28,29,31,32,33,35,36,37,38,39,40,41,42,43,44,45,46
85: 0,1,2,3,4,5,6,7,9,10
86: 0,1,2,3,4,5,6,7,8,9,10,11,12,13,15,19,21,22,23,25,27,28,29,30,31,32,33,35,36,37,38,39,43,44,45,47,48
87: 0,1,2,3,4,7,9,11,12,14,17,19,29,21,22,23,24,25,26,27,28,29,30,31,32,33,34,35,36,37,38,39,40,41,42
88: 0,1,2,3,5,6,7,8,9,10
89: 0,1,2,3,4,5,6,8,12,13,14,15,16,17,18,19,20,21,22,23,24,25,227,28,29,30,32,33,34,35,36,37,38,39,40,41,42,43,44,45,46,49,50,52,57,60,62