0: 0,1,2,3,4,5,6,10,11,13,17,19,20,21,22,25,26,29,31,33,34,35,36
1: 0,1,2,3,4,5,7,8,12
2: 0,1,2,3,4,5,6,8,9,11,14,16,17,20,21,24,28,32,33,35,37,38,40,41,42,43,44,47,56,57,59,62,65,67,69,71,73,75,78,79,80,81,82,84
3: 1,2,4,5,6,7,8,9,10,11,12,13,14,16,19,20,25,28,29,30,32,33,34,36,37,39,41,43
4: 0,1,23,4,5,7,8,19
5: 1,2,3,4,5,6,7,12,13,15,20,23,27,28,29,30,31,33,34,36,37,38,39,50,52,53,54,59,62,65,69,70,71,73,75,76
6: 0,1,2,3,4,5,6,8,9,13,14,17,21,22,23,24,25,26,27,282,9,30,34,36,37,39,40,41,42,43,46,47,49,51,53,55,56,57,58,59,62,64,65
7: 0,1,2,3,4,7,9,10,11,12
8: 0,1,2,3,4,5,6,7,8,10,11,13,14,16,17,19,20,22,23,24,25,28,31,32,35,37,38,39,40,41,43,45,46,47,48,50,52,54,57,60,61,63,65,66,69,70,71,72,78,80
9: 0,1,2,3,4,7,9,10,13,14,16,17,18,19,21,22,23,24,27,28,29,30,31,33,34,35,36,38,40,42,44,45,47
10: 0,1,2,3,4,5,6,8