0: 5,6,7,8,10,11,12,13,14,22,35,36,37,40,42,49,50,58,59,62,64,68,70
1: 0,6,8,13,14,17,18,19
2: 0,1,4,5,8,9,10,11,14,16,17,19,20,24,28,30,32,34,37,41,44,46,48,49,50,52,55,57,58,65,64,70,71,72,77
3: 0,2,3,4,5,6,9,11,12,13,15,1,6,17,18,20,23,22,26,27,28,30,32,34
4: 1,2,5,7,8,9,12,13,15,17,18
5: 0,1,2,3,4,5,8,9,11,12,17,30,32,33,36,45,54,55,57,58,59,60,61
6: 0,1,2,3,4,5,6,7,8,10,11,14,17,19,20,27,29,33
7: 0,1,3,4,5,6,7,9,13
8: 0,1,3,4,5,6,9,10,11,14,15,16,17,23,24,25,36,48,49,50,51,52,53,54,64,67,69,71,72,77,78,80
9: 0,1,3,4,6,8,9,12,14,17,23,24,25,27,28,31,37,38,39,41
10: 1,2,3,4,5,6,23