0: 0,3,4,5,6,7,8,16,17,20,21,27
1: 0,2,3,4,6,8,10
2: 0,1,2,3,5,6,8,9,18,21,22,25,35,39,42,44,47,50,52,53,54,55,57,60,61,64
3: 0,2,3,4,5,6,9,12,17,27,31,32,36,37,41,46
4: 0,1,4,5,6,7,9,14
5: 0,1,4,5,8,11,18,21,22,23,24,25,26,32,33,34,35,36,37,40,43,46,52,53,54,64,65,70,76,77,79,93
6: 2,4,7,8,9,17,20,24,26,27,32,34,39,46
7: 2,3,4,7,13,14,16,18
8: 0,1,2,3,4,5,6,7,9,16,19,24,32,29,31,52,53,54,58,59,62,64,66,79,88,90,94,96,102,109,110,112
9: 0,1,3,6,7,18,24,30,32,36,40,42,47,49,50,54,55,56,58,63,65,66,68,69
10: 0,1,3,4,7,9,10,11,13,16,20